0 0 0 0 0 0 0 0 0 0 0 0 0 0 0 0 0 0 0 0 0 0 0 0 0 0 0 0 0 0 0 0 
0 0 0 0 0 0 0 0 0 0 0 0 0 0 0 0 0 0 0 0 0 0 0 0 0 0 0 0 0 0 0 0 
0 0 0 0 0 0 0 0 0 0 0 0 0 0 0 0 0 0 0 0 0 0 0 0 0 0 0 0 0 0 0 0 
0 0 0 0 0 0 0 0 0 0 0 0 0 0 0 0 0 0 0 0 0 0 0 0 0 0 0 0 0 0 0 0 
0 0 0 0 0 0 0 0 0 0 0 0 0 0 0 0 0 0 0 0 0 0 0 0 0 0 0 0 0 0 0 0 
0 0 0 0 0 0 0 0 0 0 0 0 0 0 0 0 0 0 0 0 0 0 0 0 0 0 0 0 0 0 0 0 
0 0 0 0 0 0 0 0 0 0 0 0 0 0 0 0 0 0 0 0 0 0 0 0 0 0 0 0 0 0 0 0 
0 0 0 0 0 0 0 0 0 0 0 0 0 0 0 0 0 0 0 0 0 0 0 0 0 0 0 0 0 0 0 0 
0 0 0 0 0 0 0 0 0 0 0 0 0 0 0 0 0 0 0 0 0 0 0 0 0 0 0 0 0 0 0 0 
0 0 0 0 0 0 0 0 0 0 0 0 0 0 0 0 0 0 0 0 0 0 0 0 0 0 0 0 0 0 0 0 
0 0 0 0 0 0 0 0 0 0 0 0 0 0 0 0 0 0 0 0 0 0 0 0 0 0 0 0 0 0 0 0 
0 0 0 0 0 0 0 0 0 0 0 0 0 0 0 0 0 0 0 0 0 0 0 0 0 0 0 0 0 0 0 0 
0 0 0 0 0 0 0 0 0 0 0 0 0 0 0 0 0 0 0 0 0 0 0 0 0 0 0 0 0 0 0 0 
0 0 0 0 0 0 0 0 0 0 0 0 0 0 0 0 0 0 0 0 0 0 0 0 0 0 0 0 0 0 0 0 
0 0 0 0 0 0 0 0 0 0 0 0 0 0 0 0 0 0 0 0 0 0 0 0 0 0 0 0 0 0 0 0 
0 0 0 0 0 0 0 0 0 0 0 0 0 0 0 0 0 0 0 0 0 0 0 0 0 0 0 0 0 0 0 0 
0 0 0 0 0 0 0 0 0 0 0 0 0 0 0 0 0 0 0 0 0 0 0 0 0 0 0 0 0 0 0 0 
0 0 0 0 0 0 0 0 0 0 0 0 0 0 0 0 0 0 0 0 0 0 0 0 0 0 0 0 0 0 0 0 
0 0 0 0 0 0 0 0 0 0 0 0 0 0 0 0 0 0 0 0 0 0 0 0 0 0 0 0 0 0 0 0 
0 0 0 0 0 0 0 0 0 0 0 0 0 0 0 0 0 0 0 0 0 0 0 0 0 0 0 0 0 0 0 0 
0 0 0 0 0 0 0 0 0 0 0 0 0 0 0 0 0 0 0 0 0 0 0 0 0 0 0 0 0 0 0 0 
0 0 0 0 0 0 0 0 0 0 0 0 0 0 0 0 0 0 0 0 0 0 0 0 0 0 0 0 0 0 0 0 
0 0 0 0 0 0 0 0 0 0 0 0 0 0 0 0 0 0 0 0 0 0 0 0 0 0 0 0 0 0 0 0 
0 0 0 0 0 0 0 0 0 0 0 0 0 0 0 0 0 0 0 0 0 0 0 0 0 0 0 0 0 0 0 0 
0 0 0 0 0 0 0 0 0 0 0 0 0 0 0 0 0 0 0 0 0 0 0 0 0 0 0 0 0 0 0 0 
0 0 0 0 0 0 0 0 0 0 0 0 0 0 0 0 0 0 0 0 0 0 0 0 0 0 0 0 0 0 0 0 
0 0 0 0 0 0 0 0 0 0 0 0 0 0 0 0 0 0 0 0 0 0 0 0 0 0 0 0 0 0 0 0 
0 0 0 0 0 0 0 0 0 0 0 0 0 0 0 0 0 0 0 0 0 0 0 0 0 0 0 0 0 0 0 0 
0 0 0 0 0 0 0 0 0 0 0 0 0 0 0 0 0 0 0 0 0 0 0 0 0 0 0 0 0 0 0 0 
0 0 0 0 0 0 0 0 0 0 0 0 0 0 0 0 0 0 0 0 0 0 0 0 0 0 0 0 0 0 0 0 
0 0 0 0 0 0 0 0 0 0 0 0 0 0 0 0 0 0 0 0 0 0 0 0 0 0 0 0 0 0 0 0 
0 0 0 0 0 0 0 0 0 0 0 0 0 0 0 0 0 0 0 0 0 0 0 0 0 0 0 0 0 0 0 0 
section break
3 7 7 5 18 3 17 16 4 7 7 2 19 4 16 9 16 12 5 7 17 4 13 14 0 9 2 19 14 18 17 18 
15 0 13 12 10 17 13 1 1 3 4 0 6 8 17 6 14 17 17 0 15 8 5 2 5 7 18 18 17 14 10 12 
8 5 0 16 4 0 1 5 14 0 19 13 13 14 1 15 19 15 0 4 1 7 11 16 14 15 1 5 0 3 5 18 
11 4 8 13 7 0 15 17 17 0 4 3 15 3 6 13 5 1 14 12 7 17 5 11 16 1 12 4 9 17 11 5 
0 19 9 19 5 14 14 17 10 8 7 0 4 2 3 0 5 4 2 14 17 7 14 12 10 17 11 15 7 7 6 8 
18 16 7 15 13 1 2 4 6 0 7 15 8 0 13 15 14 17 14 4 8 0 19 3 17 14 18 10 2 9 1 1 
5 16 13 19 14 1 16 11 1 13 13 0 19 12 13 3 14 18 12 12 6 5 15 11 8 2 9 18 10 19 12 5 
11 12 8 5 14 7 7 10 6 13 1 7 1 18 16 8 9 8 13 0 16 9 18 13 8 19 11 18 19 11 19 7 
17 2 4 16 0 14 3 4 14 16 7 5 17 7 10 9 0 7 5 11 7 13 0 5 16 19 5 6 17 18 11 12 
5 3 16 0 16 11 13 18 12 0 14 16 17 14 1 7 6 19 15 13 9 16 18 14 5 12 11 10 0 18 15 0 
19 18 14 1 14 5 12 7 8 0 15 18 1 4 15 14 8 8 4 11 15 18 19 1 10 3 16 6 16 6 0 11 
14 1 12 8 18 5 8 16 8 8 2 14 3 0 11 17 18 13 13 7 14 0 7 17 16 12 14 7 1 11 12 0 
11 15 15 19 16 2 17 9 17 7 15 4 0 2 5 9 11 12 15 15 12 1 2 3 7 3 7 3 19 4 9 3 
5 3 19 4 12 8 16 6 6 10 14 16 4 11 2 2 15 0 1 2 19 5 5 3 2 4 0 4 6 2 10 18 
5 7 3 2 18 0 4 2 8 6 18 18 15 14 16 7 15 8 13 16 17 9 7 13 10 15 5 13 18 3 4 15 
18 1 16 9 2 9 1 14 14 13 16 6 5 16 14 9 11 1 17 5 12 13 5 12 14 7 9 14 0 2 2 7 
5 11 19 9 4 15 3 5 2 16 12 1 2 8 1 3 10 4 3 1 2 7 1 1 2 10 5 15 14 1 16 5 
6 19 5 3 16 19 11 5 0 3 18 14 3 10 19 18 1 11 19 8 1 2 13 11 3 10 2 4 1 8 10 14 
7 2 9 1 14 13 8 19 13 14 17 13 14 15 19 2 7 3 3 15 12 3 12 15 9 9 5 14 17 7 13 6 
15 0 10 13 18 0 18 10 0 5 10 2 16 14 17 11 0 4 1 9 6 8 15 1 7 5 9 19 3 11 4 4 
12 17 19 6 5 16 6 12 2 16 14 1 2 0 5 16 10 18 6 10 17 5 16 13 6 7 0 1 13 4 3 17 
10 1 5 0 17 17 3 10 3 6 14 18 6 4 12 6 14 0 18 14 0 0 13 18 13 3 12 11 4 0 2 5 
18 15 0 15 15 12 9 3 10 1 9 18 17 3 1 16 3 8 1 13 3 12 6 12 17 1 3 1 17 13 14 11 
4 13 19 19 19 9 16 12 8 7 5 0 12 7 5 7 3 1 6 7 10 6 13 1 18 1 5 12 2 19 18 8 
3 13 19 0 6 18 17 13 16 10 19 4 17 15 14 3 6 18 15 13 0 8 0 11 15 11 16 2 13 17 14 19 
0 1 9 3 14 14 11 5 6 4 19 18 10 8 10 19 1 12 6 14 3 18 10 19 16 7 6 17 4 19 7 2 
2 19 10 19 0 10 14 1 12 10 9 6 17 9 13 5 3 0 19 9 14 18 4 8 2 17 4 3 17 18 8 3 
6 4 9 0 13 16 15 1 3 12 9 12 4 11 5 14 13 16 4 4 1 3 0 3 8 8 2 10 6 13 1 10 
15 1 13 14 11 12 13 5 18 18 2 13 1 0 16 9 19 5 3 14 16 18 8 8 19 6 0 5 5 9 10 16 
2 16 9 9 4 13 8 0 6 16 13 3 2 19 1 8 0 3 9 4 11 1 16 6 11 5 1 17 1 5 0 1 
2 18 6 17 10 11 8 10 2 18 2 16 10 13 12 12 4 10 18 16 2 12 6 6 7 6 3 4 1 18 2 13 
12 3 16 19 19 19 14 13 7 0 8 7 8 5 10 16 1 18 6 8 17 10 0 8 12 6 4 11 15 2 4 11 
